2 0.949254 0.622901 0.026866 0.113650
2 0.484328 0.231732 0.031343 0.060790
0 0.591791 0.432603 0.028358 0.087220
0 0.692537 0.313666 0.032836 0.076648
0 0.426866 0.525109 0.017910 0.092506
3 0.412687 0.575326 0.019403 0.039646
0 0.147761 0.735230 0.041791 0.111007
0 0.489552 0.942708 0.044776 0.113650
0 0.746269 0.801306 0.023881 0.132152
1 0.721642 0.494714 0.028358 0.100435
1 0.932836 0.548896 0.032836 0.118937
1 0.773134 0.749767 0.032836 0.134795
1 0.585075 0.900420 0.053731 0.150653
1 0.222388 0.723336 0.029851 0.134795
1 0.093284 0.601757 0.037313 0.113650