3 0.279851 0.659904 0.019403 0.029073
1 0.336567 0.477534 0.040299 0.118937
1 0.605224 0.367848 0.025373 0.089863
1 0.630597 0.328203 0.025373 0.084577
1 0.770896 0.502643 0.034328 0.116294
1 0.599254 0.737873 0.046269 0.142724
1 0.082836 0.377099 0.031343 0.113650
0 0.238060 0.624223 0.037313 0.132152
0 0.484328 0.462998 0.028358 0.105721
0 0.585075 0.945585 0.041791 0.108830
0 0.838806 0.411458 0.023881 0.092506
0 0.962687 0.252876 0.032836 0.097792
0 0.630597 0.219838 0.031343 0.079291
0 0.365672 0.251555 0.029851 0.084577
0 0.309701 0.344061 0.034328 0.079291
2 0.643284 0.440532 0.041791 0.103078
2 0.263433 0.174907 0.028358 0.068719