0 0.419403 0.766947 0.038806 0.095149
0 0.431343 0.562539 0.019403 0.075326
0 0.358209 0.487873 0.028358 0.066076
3 0.345522 0.521572 0.016418 0.022466
1 0.404104 0.570468 0.027612 0.075326
1 0.411567 0.503071 0.021642 0.054182
1 0.630597 0.665617 0.032836 0.085899
1 0.627985 0.483248 0.018657 0.059468
1 0.703731 0.510339 0.016418 0.066076
1 0.057463 0.712764 0.043284 0.092506
1 0.900746 0.612329 0.034328 0.076648
0 0.496072 0.434260 0.018068 0.058425
0 0.686567 0.514246 0.017282 0.068162
0 0.853617 0.463906 0.028703 0.069126
2 0.626187 0.597898 0.024423 0.078090
1 0.912483 0.574683 0.020353 0.048055
0 0.023134 0.568719 0.028358 0.089863