2 0.590299 0.381063 0.025373 0.084577
0 0.190299 0.238340 0.025373 0.068719
0 0.179104 0.312345 0.026866 0.079291
0 0.411940 0.185479 0.023881 0.068719
0 0.295522 0.584577 0.038806 0.079291
0 0.465672 0.466962 0.041791 0.113650
3 0.287313 0.640081 0.034328 0.042289
0 0.508955 0.868703 0.053731 0.140081
0 0.752985 0.377099 0.028358 0.113650
0 0.888806 0.537002 0.040299 0.121580
0 0.664925 0.197373 0.031343 0.066076
1 0.335075 0.496035 0.034328 0.113650
1 0.581343 0.648010 0.031343 0.116294
1 0.735821 0.455068 0.029851 0.089863
1 0.914925 0.272699 0.017910 0.084577
1 0.976866 0.534359 0.031343 0.116294
1 0.578358 0.344061 0.016418 0.068719
1 0.591045 0.267413 0.026866 0.079291