0 0.317910 0.563428 0.026866 0.065474
0 0.497761 0.486701 0.022388 0.059336
0 0.494030 0.591050 0.017910 0.063428
0 0.738060 0.444756 0.022388 0.053198
0 0.888060 0.494885 0.041791 0.079797
0 0.420149 0.862155 0.040299 0.106396
0 0.074627 0.732230 0.041791 0.124811
0 0.267910 0.566497 0.022388 0.096166
3 0.283085 0.602051 0.010945 0.027281
1 0.369403 0.696297 0.039801 0.109124
1 0.527985 0.596551 0.021144 0.069908
1 0.745647 0.744039 0.031095 0.109124
1 0.820896 0.543694 0.029851 0.083548
1 0.751244 0.509593 0.019900 0.063087
1 0.919154 0.645145 0.024876 0.102304
2 0.697761 0.431160 0.019900 0.059677
2 0.746269 0.618717 0.034826 0.083548