0 0.263433 0.622901 0.058209 0.124223
0 0.162687 0.398243 0.026866 0.087220
0 0.598507 0.346704 0.020896 0.079291
0 0.679851 0.266091 0.025373 0.071362
0 0.695522 0.439210 0.026866 0.100435
0 0.974627 0.256841 0.029851 0.089863
0 0.727612 0.907027 0.037313 0.158582
1 0.672388 0.725979 0.040299 0.145367
1 0.532090 0.457711 0.031343 0.105721
1 0.380597 0.361241 0.026866 0.087220
1 0.823881 0.370491 0.023881 0.089863
1 0.859701 0.337453 0.026866 0.081934
1 0.982836 0.501322 0.025373 0.097792
2 0.819403 0.482820 0.038806 0.103078
3 0.314925 0.670476 0.011940 0.034359
2 0.550000 0.205302 0.022388 0.076648