0 0.255224 0.536829 0.026866 0.077751
0 0.501493 0.444756 0.023881 0.061382
0 0.479104 0.545014 0.026866 0.061382
0 0.764179 0.442710 0.029851 0.057290
0 0.777612 0.560359 0.032836 0.079797
0 0.898507 0.552175 0.020896 0.092073
0 0.995522 0.708700 0.008955 0.077751
0 0.109701 0.684147 0.040299 0.114580
0 0.461194 0.872386 0.041791 0.102304
3 0.283582 0.574682 0.011940 0.030691
1 0.482090 0.676986 0.032836 0.096166
1 0.518657 0.583889 0.025373 0.094119
1 0.677612 0.755759 0.047761 0.122765
1 0.737313 0.491816 0.035821 0.065474
1 0.860448 0.545014 0.028358 0.085935
2 0.958209 0.622765 0.029851 0.106396
2 0.670149 0.408950 0.017910 0.067521