3 0.348507 0.826415 0.028358 0.055504
0 0.403731 0.799984 0.046269 0.129509
0 0.552239 0.521144 0.050746 0.116294
0 0.829851 0.632152 0.050746 0.126866
0 0.760448 0.359919 0.034328 0.095149
0 0.592537 0.178871 0.023881 0.076648
0 0.329851 0.169621 0.035821 0.068719
0 0.197015 0.259484 0.023881 0.079291
0 0.138806 0.314988 0.029851 0.074005
1 0.250746 0.587220 0.071642 0.132152
1 0.507463 0.737873 0.050746 0.142724
1 0.657463 0.498678 0.040299 0.087220
1 0.670149 0.345382 0.026866 0.076648
1 0.889552 0.251555 0.035821 0.068719
1 0.613433 0.259484 0.023881 0.074005
2 0.654478 0.370491 0.028358 0.079291