1 0.693284 0.671671 0.049254 0.126772
1 0.915672 0.584515 0.031343 0.089797
1 0.813433 0.534334 0.023881 0.068668
1 0.674627 0.494718 0.023881 0.063386
1 0.465672 0.542257 0.029851 0.068668
1 0.365672 0.571309 0.023881 0.058104
0 0.380597 0.540476 0.011307 0.024010
0 0.402388 0.485238 0.022687 0.059160
3 0.396716 0.522213 0.014925 0.025354
2 0.639104 0.594579 0.031642 0.083458
2 0.549552 0.428719 0.018507 0.064443
0 0.640547 0.454835 0.019900 0.066027
0 0.446517 0.800725 0.039801 0.103443
0 0.084577 0.713789 0.027363 0.105644
0 0.794154 0.525612 0.023632 0.068228
0 0.860697 0.459584 0.019900 0.072630
0 0.167289 0.565228 0.028607 0.085835