0 0.251493 0.654618 0.040299 0.108364
0 0.533582 0.443175 0.022388 0.076648
0 0.802239 0.501322 0.025373 0.081934
0 0.876119 0.460354 0.029851 0.074005
0 0.726119 0.764303 0.022388 0.105721
0 0.246269 0.490749 0.032836 0.087220
1 0.665672 0.515858 0.029851 0.079291
1 0.591045 0.447139 0.020896 0.084577
1 0.798507 0.653296 0.029851 0.100435
1 0.926866 0.431281 0.014925 0.079291
1 0.940299 0.461676 0.023881 0.076648
2 0.904478 0.562111 0.026866 0.081934
2 0.734328 0.354633 0.023881 0.058147
3 0.344776 0.597792 0.014925 0.026430